2348
230
-9279
-6609
-1893
3415
3748
-5948
570
3541
-7418
-10737
-14879
1142
4854
510
-2887
-6143
1265
2166
-12212
-9471
-2894
2076
-5532
-8247
-7149
-3110
5697
-1051
-15496
-11165
-8165
-11599
-13632
-7074
-6040
4756
8001
-2816
-18172
-13655
-9623
-15467
-13700
-3301
2926
10706
6862
-959
-11011
-6729
-5105
-12998
-7203
-640
3436
4061
-1254
-246
3493
-3022
-11460
-20931
-11051
-2799
1361
-3767
-6778
-5119
2768
-9191
-18559
-22405
-8197
-1598
492
-2618
-873
-3658
-7304
-15360
-19781
-11101
2225
6346
2335
-758
958
-698
-8463
-8275
-3354
5251
10384
8446
2503
-367
1264
6654
-14498
-18411
-13250
-3496
121
-4129
3722
-3423
-14296
-17531
-11082
-14933
-18813
-9501
-3689
-6979
-763
-1081
-12670
-17038
-14153
-22000
-26696
-14615
-8817
-11777
-6630
-3699
-11997
-14955
-15310
-19240
-22719
-12468
-7594
-10481
-9988
-6357
-8957
-8904
-12822
-14531
-18767
-12466
-5267
-5352
-4966
-1484
-3327
-5383
-18780
-17045
-17599
-13783
-9512
-11886
-8642
-1324
1649
-132
-24003
-21535
-20679
-18349
-12603
-11325
-6284
-3684
-2551
-2134
-21363
-21133
-20384
-23609
-20425
-19536
-11535
-8105
-7079
-9748
-12729
-15012
-20765
-26204
-24863
-21243
-17385
-14053
-15465
-18644
-17772
-16593
-20149
-24791
-23777
-21409
-18853
-16763
-16770
-14808
3832
8820
5812
6918
16213
8698
-10504
-127
-2622
-10248
6283
7328
3691
15856
18623
-2194
-7039
9559
-4782
-10722
14563
11552
9817
14354
7958
-125
10910
11756
-7084
-7055
11175
6292
3050
4426
5932
9791
22510
11879
-4506
-3354
-3849
-6612
-4734
-1190
-2104
4153
17447
3331
-5259
-930
-4457
-8359
-5056
-3518
-6297
3473
5825
-8495
-5533
-314
-3889
-4554
-933
-2298
-2572
1453
-5932
-11645
-4273
-4939
-6711
-3291
-3892
-3718
1669
-3148
-11859
-8422
-3987
-8585
-17
8034
5340
10389
8185
-5706
-6803
-190
-5181
-2355
3342
9935
12833
15276
-793
-6922
1486
3589
-5052
7118
-28579
-27653
-32041
-25959
-34076
-32547
-21854
-3242
-7762
468
-33079
-32008
-37051
-36606
-32768
-35092
-20096
-8829
-14572
1107
-35691
-34470
-38463
-38794
-27381
-35869
-18513
-7264
-17885
-1346
-33772
-34049
-35718
-37906
-26548
-32761
-17079
-5960
-12407
-1076
-33565
-31120
-31571
-36030
-27850
-26852
-16224
-4413
-3352
327
-25086
-20632
-17618
-21091
-19709
-14535
-13460
-3998
-3205
-2785
-17175
-13599
-8412
-12578
-16207
-11292
-13225
3322
371
-4768
-17161
-11638
-8575
-7466
-15413
-9356
-11651
3365
772
1644
-16807
-12582
-12432
-7737
-18308
-6394
-12622
1760
-1101
2654
-14318
-11944
-10028
-5870
-18210
-12538
-13783
-3494
-6793
-7494
-6566
-5803
-19471
-12947
12000
6477
-11588
-4420
-751
-263
-1663
-1633
-4165
12979
15452
648
-2765
4054
-2206
-2635
6552
5891
2188
8242
7081
759
134
5406
2801
-6416
-4818
-5477
-8856
-7100
-7918
-4260
371
2723
1119
-7803
-14471
-11508
-8331
-9933
-14614
-3925
5205
2248
-2133
-2904
-15019
-10803
-974
-5308
-11054
-422
4373
188
-2535
-1333
-8552
-3840
-4222
-15735
-12855
-4513
-8998
-12034
-3051
-2233
1332
3385
-9701
-13409
-3330
-6733
-8541
1711
5596
-7164
647
-414
-8957
-3037
7667
-3104
-2314
-5592
-8241
-6046
-418
-5863
-5410
-1093
439
-2307
-7425
-20837
-13787
1388
2936
5829
10177
3945
791
-5698
-13001
-153
73
-8040
3669
5794
7867
-2867
-10608
-17204
-20444
-5810
-3720
-6279
1345
-8
-1854
-9209
-12613
-15670
-19222
-15293
-10537
-8108
3547
3727
2743
1820
284
-5423
-13201
-18938
-13716
-10521
21662
21664
20812
18518
14124
9152
-3309
-14793
-11572
-12258
32651
31023
27763
21779
14472
14440
2902
-8570
-5742
-7387
11706
14859
20074
24219
19667
17525
6751
283
1563
645
2913
11422
19059
25146
23814
20931
17446
11787
7886
4094
15280
21919
27171
30973
25811
16184
13195
9828
7836
4439
13319
14798
10734
8100
3653
-2250
1387
3764
4374
2941
-85
-4479
-7325
-4083
-4189
-5621
-8327
-5463
-4771
-2327
-11
-955
-3370
-5637
-10229
-15036
-16597
-12244
-5805
-1217
-6457
-9110
-10304
-18050
-22777
-22305
-22682
-18222
-8431
-3903
-25902
-24602
-20830
-27481
-27708
-25282
-29007
-22869
-9476
-4591
-30971
-26441
-22205
-28915
-28931
-24491
-26308
-19149
-8303
-4872
-6812
-3405
-3146
-9674
-10025
-13297
-20710
-19743
-15392
-14225
17288
14265
6778
-3339
-7924
-10726
-13341
-15955
-19155
-22311
12871
12122
13089
11501
7805
4856
-89
-980
-259
2607
4682
3171
8712
16260
21056
30263
28553
22027
16216
16687
-8229
-8484
-4030
1716
2636
11289
8799
6216
8290
14291
7409
5703
1873
-7611
-18639
-10900
-11809
-22424
-9973
2513
4979
2797
159
-7897
-14098
-5236
-7188
-18720
-7450
4721
4074
8750
9953
4039
1804
-233
-6759
-8958
-2007
4130
11193
10358
7269
2437
-774
-5972
-3806
283
-684
4937
-5096
-4492
-4842
-7024
-8078
-12500
-9481
-4923
-6516
2655
2220
2523
-1375
470
1814
-8181
-5760
-3186
-12682
-8963
5631
3394
-4198
-6178
-7355
-12262
-13964
-17169
-23662
-13369
6831
770
394
-1460
-2951
-2616
-3117
-7568
-12670
-6935
4976
-2895
-2318
-407
2380
6023
-1605
-4206
-7389
-5875
5958
1281
1925
2722
4265
4505
-4056
-2145
-3252
-2829
1585
-1081
-1871
2026
-857
-12031
-3112
-6058
-13388
4
-2993
-10066
-11852
-6199
-2131
-10068
-1046
-4864
-14665
-4525
-10755
-11876
-15156
-12578
-4437
-9745
-3626
456
-9334
-5891
-11359
-11342
-17049
-17554
-10652
-11073
-8249
85
-4113
-2465
-18353
-16399
-19670
-20499
-15038
-13310
-15074
-1686
-1318
-398
-15705
-15130
-15978
-17212
-13843
-11672
-14921
-2237
-1625
155
222
-6233
-8721
-9963
-11016
-6738
-12323
-1746
-4756
-1965
11857
4109
-610
-2359
-6003
-1213
-7568
-2528
-2913
-422
10086
2877
2321
3251
6
5695
1604
2914
5891
6675
-7045
-5301
292
5304
4704
12888
9902
4273
13736
13917
-8355
-8617
-5414
-6334
-11174
-5649
-4553
-12377
-7921
-4545
-15899
-11397
-4636
-6275
-10708
-7679
-5026
-10329
-4068
-2197
-17075
-13213
-9195
-12356
-13363
-8515
-4547
-6619
-5839
-1694
-6817
-4668
-4635
-5207
-6831
-9537
-9682
-7220
-8716
-7013
10381
7526
2443
5117
7067
-2941
-9080
-6726
-9594
-6473
5080
2396
-3977
599
11290
9910
2777
1895
1962
7315
10107
5949
5464
8078
16551
21417
16286
15286
14960
19112
8267
1399
2135
6028
16539
22726
13365
6879
5055
12394
-696
-8212
-8411
-8000
682
12564
13458
9975
2730
-306
4138
-4758
-9158
-6462
-920
4099
2574
8340
10590
628
-12787
-12713
-14685
-1396
4000
-22772
-34388
-21745
-12687
3645
-12207
-16763
-18605
-3867
3408
-19116
-28853
-15493
-16813
-13566
-15622
-20593
-25296
-13176
-33
-11109
-23962
-13344
-8060
-16806
-22461
-20533
-26064
-22671
-10231
-5505
-11917
-10786
-2749
-7434
-32550
-28235
-23181
-25670
-27019
-21904
-17393
-10773
-2385
-2332
-27895
-34486
-25668
-19488
-25049
-29278
-27224
-15975
-6065
-8274
-15462
-24275
-23621
-14493
-15309
-24562
-26208
-18033
-8502
-9865
-3639
-11134
-14700
-4244
355
-10945
-21114
-12831
1203
4052
-11774
-16107
-15123
-4298
4424
-4767
-17518
-20210
-4484
12444
-17236
-20840
-13833
-5948
-1740
2273
4457
-13787
-19235
-194
1183
2863
2465
2262
-4345
-14567
-10013
10849
12729
4636
-2128
-910
573
6006
1859
-12032
-11798
5709
6727
304
-3267
231
-1917
4780
1755
-13914
-11564
5935
2766
-5925
-4643
-5759
-8960
-3298
-1324
-7248
-3089
4627
2901
-7055
-9515
-8064
-8039
-3982
-1995
-1188
3620
5454
3808
-6189
-9576
-8186
-5820
-3412
-6613
-4649
2700
5037
4593
-6781
-9618
-12336
-9123
-3315
-5664
-9290
-7387
-3015
186
-7650
-11356
-14265
-14073
-6062
-4711
-7190
-5050
-1745
2776
-5753
-13464
-13188
-6052
2430
3094
-5696
-7630
-1888
6434
4193
-13872
-5795
71
5881
5124
-648
-5068
-6698
-2236
2621
-8215
-4623
-5998
-8644
-6230
-1812
-1002
342
1179
-1651
-8629
-5601
-5545
-6472
-5618
-4802
-1684
2258
600
-950
-7316
-4219
-4596
-5560
-4716
-6094
-3395
3527
2376
-1597
-4437
-4378
-7764
-4984
-3431
-6848
-4834
4053
1969
-1572
-8307
-7495
-9721
-7934
-6977
-8519
-4947
1824
2053
-919
-7418
-7698
-8276
-7116
-6452
-5968
-3349
-1707
-2532
-2534
-4824
-4757
-5305
-6147
-8252
-6637
-5225
-3842
-2578
-6288
-11580
-9596
-8521
-8909
-9266
-9229
-9080
-7846
-4551
-6811
-12668
-10259
-9596
-7090
-5681
-7296
-7849
-4122
-3949
-7557
-12495
-7582
-5935
-5993
-4291
-7353
-8256
-7633
-6009
-8183
9588
9540
9461
-1294
-7098
-7593
-5551
-1381
2214
4909
-797
-1795
45
-8381
-9435
-8497
-10664
-8389
-1516
5011
-6524
-4604
-1934
-760
1215
-4820
-11558
-14115
-10456
-2354
10248
9455
9564
12147
7869
-2350
-10232
-15157
-15597
-9038
3325
-2074
-6635
-2799
-4791
-10568
-14027
-13747
-13562
-11486
-20084
-21480
-24609
-18741
-15797
-14627
-12778
-9088
-6561
-5160
-21001
-14268
-8864
-1352
-1629
-4553
-5793
-4448
-495
2635
-1121
-1941
-2753
-157
-2492
-1491
-2514
-4331
-5537
-3302
10135
-1251
-9644
-15554
-19183
-14095
-9141
-5328
-4300
-5942
576
-8060
-13398
-14423
-6877
-6451
-7052
-5599
-1337
-4724
-17834
-19324
-16951
-17486
-16667
-9637
-10301
-14709
-4226
88
-6430
-5700
-2822
-5929
-2917
3918
-5858
-13063
-812
-469
4909
2652
1204
810
5166
5105
-8462
-10212
-651
-2657
-2595
-3750
-5249
-492
3329
-2225
-12659
-10092
2222
-1666
-9457
-6644
-7457
-5492
-3861
-11717
-16562
-8481
962
-734
-15226
-14543
-14316
-12866
-15190
-22466
-18536
-9396
-4720
-5237
-22361
-23300
-23420
-27790
-31425
-30803
-24375
-20081
-15819
-12466
-19690
-20428
-25771
-36081
-37110
-32333
-23679
-18868
-16870
-16847
-13839
-19413
-28369
-39763
-33608
-30877
-26549
-23923
-23236
-25343
-7186
-15759
-30376
-38879
-28321
-25358
-27173
-29539
-29369
-31648
-12583
-18198
1862
-20524
-33521
8690
15871
-34375
-20321
1686
-11013
-19615
6600
-16493
-46965
7137
23875
-38208
-17162
6957
-15319
-22930
3883
-17128
-51035
3250
16642
-39206
-10913
14844
-24316
-28076
-8761
-21360
-46858
-4826
5088
-35435
-7715
21895
-20068
-19154
-5138
-14580
-31665
-12942
-5701
-29367
-13446
21404
-4095
-425
3077
-8746
-19186
-18549
-11815
-25790
-23640
9811
-3235
-89
-2935
-20338
-28423
-29372
-14612
-22898
-27062
3496
-8468
-3518
171
-16341
-22652
-24661
-10896
-14431
-22713
-1999
-16954
-7124
3972
-16712
-13619
-12587
-5704
-10068
-14495
-5373
-21757
-11246
-975
-21659
-8443
1028
41
-4060
-4521
-1821
