2091
89
-9043
-6374
-1653
3482
3829
-6106
530
3325
-7390
-10560
-14533
1168
5090
578
-2786
-6198
1040
1729
-12129
-9396
-2989
2230
-5183
-7981
-6947
-3271
5402
-1626
-15771
-11044
-8134
-11204
-13233
-6823
-6266
4434
7751
-2890
-18040
-13303
-9489
-15065
-13551
-3171
2668
10540
6667
-1011
-10827
-6489
-5310
-12877
-7267
-454
3267
3819
-1228
-229
3583
-2959
-11531
-20782
-10875
-2711
1245
-3895
-6754
-4871
2752
-9239
-18389
-22048
-7843
-1704
338
-2423
-829
-3521
-7352
-15185
-19601
-10713
2205
5966
2263
-866
790
-753
-8580
-8068
-3288
5377
10372
8267
2660
-320
1160
6532
-13651
-17796
-12745
-2984
195
-3692
4125
-2817
-13447
-16583
-10334
-14282
-18204
-9108
-3376
-6255
81
-508
-11840
-16207
-13326
-21358
-26039
-13920
-8308
-10937
-5847
-2981
-11324
-14104
-14684
-18759
-22084
-12007
-7175
-9687
-9177
-5738
-8310
-8492
-12324
-14182
-18570
-12147
-4937
-4669
-4239
-848
-2769
-4916
-18480
-16854
-17496
-13604
-9530
-11353
-7882
-564
2083
86
-23571
-21111
-20331
-18152
-12490
-10898
-5659
-3066
-2008
-1868
-20816
-20633
-19968
-23083
-20145
-19166
-11014
-7611
-6590
-9304
-12154
-14688
-20378
-25769
-24431
-20727
-16704
-13358
-14786
-18165
-17036
-15942
-19663
-24282
-23108
-20762
-18054
-16149
-15992
-14318
3927
9197
6205
7159
16154
8892
-10104
-26
-2317
-9805
6393
7428
3868
15961
18384
-2333
-7009
9470
-4778
-10355
14508
11533
9810
14085
7800
-80
10697
11526
-6856
-6340
11170
6467
3031
4288
5628
9672
22251
11543
-4209
-2693
-3883
-6523
-4584
-1256
-2001
4168
17176
3249
-4944
-698
-4294
-8315
-4930
-3371
-5680
3802
5915
-8343
-5490
-214
-3702
-4446
-654
-2199
-2259
1330
-5846
-11324
-4092
-4884
-6363
-3319
-3560
-3343
1625
-3239
-11640
-8097
-3737
-8642
392
8165
5404
10094
7754
-5548
-6607
-157
-5140
-2666
3396
9898
12466
14642
-930
-6628
1450
3685
-4977
6924
-27955
-26978
-31383
-25777
-33691
-31949
-21659
-3314
-7626
459
-32555
-31596
-36417
-35992
-32312
-34606
-19656
-8745
-14548
1248
-35154
-33816
-37565
-38116
-27030
-35503
-18211
-7211
-17964
-1235
-33120
-33535
-34849
-37252
-25791
-32295
-16822
-6015
-12528
-1082
-33061
-30781
-30833
-35612
-26925
-26515
-15816
-4551
-3408
4
-24598
-20492
-17151
-20713
-19210
-14155
-12708
-3902
-2978
-2653
-16641
-13526
-8067
-12432
-15706
-10918
-12498
3414
423
-4942
-16805
-11313
-8279
-7320
-14907
-8908
-11157
3689
1131
1646
-16243
-12224
-12372
-7708
-17772
-5878
-12130
2182
-781
2786
-13559
-11106
-9447
-5606
-17781
-11994
-13370
-2970
-6379
-7013
-6270
-5568
-19350
-12928
11793
6127
-11960
-4181
-280
-221
-1496
-1507
-4013
12756
15256
452
-2490
4238
-2191
-2874
6374
5858
2433
8373
7260
834
236
5231
2865
-6167
-4916
-5439
-8858
-6597
-7607
-4027
214
2694
1476
-7375
-14118
-11224
-8079
-9629
-14340
-3624
5155
2253
-2037
-2738
-14795
-10380
-909
-5565
-10888
-291
4272
59
-2632
-1258
-8436
-3820
-4548
-15708
-12382
-4294
-9022
-11770
-2781
-2004
1588
2934
-9801
-13115
-3328
-6702
-8289
1800
5479
-7214
890
-449
-8765
-3021
7637
-2955
-2058
-5299
-7980
-6069
-567
-5740
-5113
-900
599
-2373
-7240
-20317
-13397
1587
3144
5958
9886
3750
583
-5912
-12928
15
215
-7846
3892
5576
7456
-3211
-10809
-17206
-20330
-5703
-3761
-6130
1115
-174
-1905
-9226
-12781
-15693
-18929
-14923
-10216
-7555
3198
3614
2620
1412
-40
-5671
-13133
-18825
-13584
-10239
21255
21452
20798
18344
13981
8788
-3118
-14466
-11117
-11760
32393
30831
27729
21453
14390
14351
3179
-8275
-5651
-7120
11790
14890
20137
24250
19699
17437
7106
510
1870
819
2827
11209
19131
25494
23911
20963
17589
11824
7796
4228
15420
21871
27476
30927
25715
16421
13234
9905
7925
4666
13660
14947
10946
8136
3531
-1853
1433
3856
4435
3118
27
-4378
-7132
-3844
-3909
-5464
-8135
-5283
-4511
-2076
115
-1408
-3930
-5902
-10390
-14985
-16316
-12002
-5734
-1239
-6717
-9400
-10722
-18276
-22698
-22342
-22470
-18240
-8391
-3719
-26065
-24779
-20789
-27493
-27492
-25090
-28647
-22638
-9445
-4528
-30594
-25970
-21715
-28492
-28597
-24074
-25987
-19118
-8215
-4763
-6543
-3184
-2468
-9132
-9703
-12993
-20060
-19327
-14920
-13844
17516
14631
7368
-2796
-7288
-9941
-12522
-15264
-18513
-21595
12909
12151
13477
11737
8018
5335
435
-308
217
3046
4817
3272
8797
16097
20819
30040
28405
22067
16268
16837
-7967
-8243
-4122
1706
2456
11058
8674
6271
8148
14095
7163
5757
1972
-7531
-18459
-11036
-11732
-22195
-9870
2622
4770
2735
27
-8040
-14092
-5574
-7359
-18916
-7769
4421
3747
8270
9788
3647
1526
-408
-6681
-8951
-1950
4193
11017
10022
6816
2136
-790
-5995
-3922
222
-865
4863
-5116
-4791
-4708
-6771
-8097
-12499
-9441
-4860
-6536
2694
2360
2901
-928
877
1882
-8013
-5710
-2911
-12437
-8814
6085
3658
-4035
-6059
-7305
-12201
-14254
-16831
-23102
-13329
7162
1236
611
-1483
-2975
-2347
-3061
-7541
-12064
-6702
5291
-2369
-2230
-659
2234
5801
-1692
-4224
-7143
-5685
5968
1367
1814
2745
4302
4363
-4161
-1964
-2956
-2663
1770
-946
-1670
2263
-724
-11609
-2846
-5755
-13102
264
-2740
-9975
-11544
-6054
-2062
-9829
-747
-4538
-14431
-4246
-10312
-11840
-14902
-12459
-4227
-9606
-3384
815
-9126
-5500
-10912
-11036
-16738
-17197
-10079
-10651
-7732
497
-3645
-2079
-17978
-16117
-19166
-20055
-14639
-12969
-14550
-1364
-865
-356
-15641
-14853
-15713
-16815
-13501
-11217
-14450
-1972
-881
345
125
-6238
-8800
-10028
-10828
-6656
-12128
-1659
-4257
-1719
11521
4189
-637
-2417
-5636
-1106
-7545
-2416
-2729
-416
9915
3035
2257
3245
397
5783
1602
3021
5882
6549
-7073
-5399
259
5368
4971
12923
10016
4454
13667
13963
-8451
-9026
-5676
-6517
-11128
-5702
-4631
-12371
-7957
-4630
-15826
-11590
-4907
-6185
-10689
-7475
-4976
-10160
-3897
-1851
-16531
-12751
-8916
-12048
-12982
-8148
-4402
-6686
-5859
-1461
-6587
-4290
-4043
-4808
-6671
-8832
-9098
-6891
-8451
-6726
10526
7849
2852
5574
7352
-2408
-8607
-6181
-9012
-6355
5042
2360
-4072
818
11702
10035
2837
1787
2095
7363
9838
5721
4855
7703
16317
21392
16433
15141
14880
18942
8250
1298
2001
5623
15994
22232
13233
6768
4937
12274
-692
-7561
-7708
-7678
930
12273
13401
9903
2690
-138
4022
-4615
-8827
-6100
-477
4347
2805
8311
10366
520
-12520
-12142
-13920
-993
4169
-22261
-33523
-21409
-12556
3873
-12455
-16441
-17626
-3275
3569
-18931
-28294
-15181
-16745
-13459
-15502
-20641
-24879
-12715
599
-11036
-23881
-13023
-7907
-16686
-21792
-20086
-25765
-22308
-9611
-4874
-12028
-10985
-2609
-7281
-32044
-27530
-22552
-24960
-26330
-21268
-16971
-10902
-2670
-2323
-27554
-34043
-24960
-18766
-24437
-28701
-26696
-15532
-6060
-8245
-15347
-24121
-23267
-14018
-14611
-24050
-25955
-17548
-8322
-9773
-3422
-11046
-14767
-4139
753
-10452
-20864
-12442
1573
3904
-11178
-15598
-15118
-4578
4422
-4558
-17464
-19845
-4093
12139
-16698
-19964
-13559
-6002
-1726
2376
4267
-13508
-18654
102
1355
2993
2457
2338
-4150
-14095
-9730
10761
12372
4760
-2044
-721
814
6215
1728
-11924
-11499
5701
6650
239
-3396
320
-1812
4855
1647
-14099
-11565
5865
2938
-5774
-4617
-5840
-9045
-3250
-1227
-7374
-3160
4595
2982
-6659
-9529
-7820
-7788
-4038
-1866
-1241
3588
5208
3673
-5918
-9437
-7877
-5225
-3024
-6479
-4738
2685
4925
4459
-6574
-9722
-12446
-8815
-2859
-5344
-9246
-7372
-3009
44
-7454
-11315
-14387
-13971
-5880
-4310
-6995
-4902
-1832
2462
-5808
-13249
-13338
-6390
2183
3125
-5453
-7592
-1993
5958
3533
-13553
-6056
-276
5428
4835
-616
-5042
-6427
-2377
2258
-8044
-4480
-5865
-8460
-5998
-1719
-973
376
1234
-1502
-8342
-5395
-5275
-6302
-5539
-4644
-1554
2269
533
-789
-7316
-3857
-4482
-5397
-4682
-5989
-3283
3499
2337
-1616
-4228
-4346
-7583
-4864
-3266
-6805
-4823
4040
1896
-1579
-8185
-7397
-9536
-7920
-6986
-8504
-4965
1771
1896
-1000
-7378
-7607
-8257
-7038
-6392
-5873
-3359
-1682
-2675
-2463
-4622
-4715
-5158
-6025
-8159
-6614
-5153
-3762
-2753
-6216
-11521
-9488
-8391
-8877
-9096
-9106
-8973
-7641
-4440
-6767
-12369
-10063
-9427
-6936
-5704
-7154
-7627
-4013
-3843
-7401
-12321
-7449
-5776
-6001
-4257
-7119
-8118
-7449
-5820
-8015
9776
9634
9535
-1167
-7169
-7364
-5247
-1220
2277
4910
-652
-1722
-30
-8401
-9437
-8467
-10569
-8319
-1612
5112
-6397
-4417
-1875
-754
1208
-4463
-11236
-13828
-10041
-2030
10815
9573
9773
12127
7709
-2237
-9941
-14730
-15136
-8517
3788
-1684
-6303
-2613
-4585
-10318
-13776
-13520
-13353
-11116
-19715
-20944
-24079
-18105
-15143
-14122
-12405
-8650
-6386
-5312
-20725
-13931
-8520
-1034
-1278
-4279
-5488
-4084
-174
2747
-1316
-1854
-2751
-57
-2485
-1483
-2580
-4044
-5194
-3089
9849
-1508
-9762
-15485
-19151
-14008
-9194
-5199
-3930
-5729
658
-8022
-13481
-14502
-7056
-6487
-6848
-5408
-1028
-4592
-16965
-18758
-16538
-17248
-16437
-9295
-10004
-14105
-3547
541
-5857
-5150
-2522
-5471
-2665
4062
-5503
-12430
-458
-29
5360
3137
1625
1205
5409
5172
-7999
-9653
-368
-2353
-2199
-3274
-4798
-184
3269
-2031
-12226
-9801
2244
-1508
-9161
-6315
-7270
-5292
-3727
-11423
-16076
-8368
947
-616
-14968
-14317
-14025
-12787
-14970
-22002
-18006
-9380
-4805
-5165
-22223
-22981
-23282
-27578
-30842
-30049
-23858
-19861
-15771
-12175
-19347
-20113
-25599
-35754
-36442
-31673
-23338
-18736
-16731
-16283
-13693
-19320
-28179
-39272
-33043
-30413
-26227
-23608
-22858
-24715
-7031
-15617
-29992
-38421
-27772
-25041
-26770
-29009
-28701
-30904
-12440
-17845
2013
-20095
-32833
8865
15610
-33796
-19358
1899
-10496
-18878
6643
-16177
-45930
7487
23738
-37542
-16319
7016
-14917
-22378
3912
-17134
-50102
3512
16712
-38470
-10141
14668
-23888
-27507
-8571
-21173
-46111
-4522
5246
-34549
-7013
21535
-19965
-18843
-5298
-14679
-31600
-12726
-5317
-28428
-12910
21037
-3955
-374
2884
-9037
-19360
-18491
-11451
-24809
-23015
9666
-3290
-16
-2999
-20335
-28642
-29175
-14659
-22350
-26544
3444
-8424
-3446
321
-15850
-22784
-24403
-10738
-13967
-22340
-1984
-16733
-6801
4079
-15960
-13482
-12609
-5479
-9684
-14164
-5174
-21715
-10892
-734
-20822
-8147
742
210
-3654
-4221
-1743
