19
22
13
0
7
0
38
6
0
0
0
0
11
4
16
7
0
0
1
4
55
16
0
0
0
0
7
3
0
10
11
12
27
14
18
34
28
0
0
0
2
12
16
28
13
17
31
0
0
74
43
0
29
0
0
14
23
17
0
8
11
0
0
73
37
0
28
5
0
5
19
23
1
20
26
0
0
63
29
0
26
15
1
0
25
31
5
17
23
0
6
32
6
0
22
17
0
4
13
3
0
0
0
0
2
5
0
0
19
21
0
17
0
0
0
10
1
2
11
1
20
0
14
21
3
13
0
0
13
36
25
14
2
0
24
0
0
15
5
3
0
12
19
26
40
0
0
0
28
0
11
14
1
6
6
13
12
24
28
0
7
0
30
19
11
0
0
27
0
4
8
38
8
0
8
21
13
22
0
3
0
33
0
1
16
22
0
0
19
25
0
6
0
18
0
27
20
27
21
4
6
15
36
21
2
0
0
0
0
0
15
15
6
8
14
21
42
28
11
0
0
0
0
0
8
16
12
26
34
15
26
42
30
0
0
0
0
0
20
22
12
25
32
6
13
54
37
0
0
0
0
0
28
27
18
35
36
11
15
55
38
0
0
0
0
0
31
36
21
35
37
13
15
49
35
0
0
0
0
0
30
35
19
27
29
8
10
31
22
0
0
0
0
0
19
16
10
9
10
4
11
18
14
0
0
0
0
0
2
1
11
21
17
15
14
14
17
0
0
0
0
0
3
5
15
24
19
14
10
16
20
0
0
0
0
0
4
7
13
28
27
0
0
2
11
0
0
0
0
0
10
12
12
21
17
0
0
0
14
12
0
0
0
10
4
12
17
22
6
0
7
4
6
14
5
1
0
8
0
7
13
16
5
0
8
4
0
0
3
8
0
9
0
4
4
1
14
8
0
0
16
15
10
9
8
9
7
6
2
0
0
0
0
0
0
13
13
8
7
7
12
0
2
2
0
22
15
0
0
12
15
20
14
6
0
5
14
6
14
25
8
0
11
7
2
22
22
10
4
9
5
0
0
8
7
0
6
10
3
11
16
21
0
0
1
1
2
13
15
4
2
7
5
0
12
17
7
10
12
11
8
10
15
14
7
6
3
4
9
9
12
11
3
9
6
0
0
4
1
5
3
0
8
0
0
0
0
0
0
0
0
0
0
1
2
1
4
6
16
0
0
0
0
12
15
11
0
5
0
0
0
4
16
0
3
0
5
9
0
0
0
0
0
4
0
0
13
8
14
2
14
17
5
12
0
0
10
16
13
5
2
0
0
0
4
5
6
11
15
4
0
0
9
8
10
17
5
4
5
12
2
11
8
7
0
0
4
0
3
4
30
50
50
51
34
16
16
7
2
4
1
2
39
40
41
37
21
5
21
28
3
0
0
3
1
0
15
12
5
5
0
5
17
27
15
4
0
0
5
6
0
5
17
19
18
3
8
5
0
10
3
0
0
0
18
17
9
7
1
0
4
3
3
1
1
2
0
0
4
2
0
0
0
0
0
0
0
0
0
0
0
0
0
0
0
0
0
0
2
0
0
0
0
0
4
7
30
32
40
41
41
42
36
17
4
0
0
0
0
0
69
68
68
58
45
47
55
54
35
9
0
0
0
0
4
3
8
17
32
49
44
23
2
31
45
49
44
34
31
18
25
28
21
46
76
83
60
21
19
46
64
65
21
23
24
17
0
5
0
0
2
17
16
8
0
0
45
55
50
27
2
17
17
5
0
15
13
3
1
13
22
44
43
14
0
0
16
17
21
17
22
22
16
10
13
12
16
14
0
0
0
0
2
3
0
0
0
0
0
0
0
0
0
0
0
0
8
9
7
0
0
1
0
22
27
32
35
19
0
0
6
12
14
13
0
0
33
40
34
28
23
0
0
9
9
2
20
20
16
13
15
0
1
7
13
16
12
5
4
3
8
21
22
15
28
39
42
42
44
45
44
30
8
3
2
9
17
16
53
55
54
49
40
33
34
25
2
1
0
0
0
13
23
6
2
0
0
0
3
0
1
0
0
0
0
6
0
0
0
0
7
22
16
0
0
3
3
0
8
10
0
0
3
17
31
35
28
22
13
0
0
0
0
0
29
32
26
19
17
0
0
0
0
0
6
0
0
0
47
48
43
32
13
2
18
15
0
14
16
2
3
4
11
16
22
21
2
7
17
19
8
0
0
9
10
11
25
25
28
13
5
5
3
2
0
0
0
0
14
25
4
0
0
4
2
12
0
0
2
27
19
6
5
7
9
2
5
7
7
13
0
0
0
25
16
9
1
6
14
3
9
16
4
4
12
0
0
18
13
11
8
3
12
1
7
10
0
16
27
0
0
27
14
11
15
4
2
1
11
10
0
17
26
0
0
28
17
0
7
3
0
0
4
0
0
7
19
0
0
25
18
0
0
1
0
0
0
0
0
0
5
0
0
19
18
0
0
0
0
0
0
0
0
0
0
0
0
16
18
0
0
5
22
19
15
0
2
8
4
6
0
4
14
0
0
1
26
21
15
0
0
0
0
3
0
22
19
0
0
0
26
16
12
3
0
24
26
23
8
37
30
16
18
17
17
1
3
0
0
28
30
23
15
24
19
14
22
20
17
7
10
0
8
27
23
4
17
0
7
10
25
16
6
8
0
0
6
30
25
0
19
7
9
1
21
11
