3
2
9
7
6
0
4
0
8
14
0
0
0
19
12
6
0
0
2
0
0
10
19
4
12
0
0
0
7
0
0
0
0
0
0
0
0
0
0
3
0
0
0
0
0
0
0
0
0
0
17
29
34
17
0
27
26
18
41
0
0
0
7
32
0
0
0
3
0
0
18
27
14
6
12
0
0
0
0
2
0
0
0
0
0
0
0
0
0
0
0
0
0
6
3
0
0
0
4
5
0
23
28
7
0
11
15
13
9
5
0
0
0
9
0
5
0
0
3
10
1
0
14
0
2
11
18
1
0
0
6
4
0
0
0
60
52
26
5
0
27
47
44
33
14
41
58
48
24
14
0
0
0
0
0
0
0
0
0
0
0
0
0
0
0
32
25
15
0
5
9
30
56
53
31
13
3
0
0
8
20
18
2
0
9
5
1
3
0
5
13
1
0
0
0
11
5
10
0
0
3
4
0
0
0
0
0
0
1
0
0
0
0
0
0
21
0
0
0
0
18
10
24
18
26
0
0
0
0
0
0
0
0
0
0
19
10
21
5
13
18
14
41
30
35
7
0
23
25
19
0
0
7
0
7
0
0
1
0
0
0
0
0
0
0
0
0
1
0
7
0
0
8
8
22
5
11
3
20
23
0
9
3
11
5
0
0
0
9
8
0
0
0
0
4
0
10
9
0
11
0
0
0
4
2
0
0
0
7
4
0
0
0
3
3
0
0
0
0
0
0
0
0
0
0
18
17
0
0
9
20
22
14
0
0
7
0
0
0
0
0
0
0
0
5
18
0
0
0
0
0
0
7
0
1
10
3
10
0
4
0
0
0
0
1
0
0
0
0
0
0
0
0
0
0
0
12
16
44
13
0
7
6
31
40
0
5
0
0
39
0
0
0
0
6
0
7
1
0
0
