0.207843
-0.011765
-0.176471
-0.200000
-0.019608
0.215686
0.349020
0.411765
0.113726
-0.129412
-0.168627
-0.145098
-0.035294
-0.003922
0.419608
0.701961
0.639216
0.301961
0.286275
0.239216
-0.090196
-0.200000
-0.254902
-0.294118
-0.435294
-0.529412
-0.560784
-0.396078
-0.262745
-0.286274
-0.317647
-0.380392
0.098039
0.137255
-0.019608
-0.027451
0.176471
0.192157
0.364706
0.396078
0.050980
-0.137255
0.043137
0.278431
0.505882
0.709804
0.882353
0.921569
0.890196
0.866667
0.835294
0.772549
0.113726
-0.247059
-0.223529
-0.254902
-0.301961
-0.372549
-0.490196
-0.341176
-0.278431
-0.247059
-0.396078
-0.443137
0.098039
0.090196
-0.098039
0.152941
0.082353
0.035294
0.333333
0.396078
0.341177
0.505882
0.717647
0.835294
0.796078
0.874510
0.913725
0.929412
0.819608
0.764706
0.843137
0.905882
0.388235
-0.207843
-0.207843
-0.309804
-0.192157
-0.262745
-0.490196
-0.349020
-0.294118
-0.380392
-0.466667
-0.474510
0.066667
0.074510
-0.043137
0.035294
0.184314
0.419608
0.592157
0.631373
0.631373
0.592157
0.403922
0.325490
0.286275
-0.019608
0.396078
0.882353
0.811765
0.654902
0.529412
0.576471
0.435294
-0.050980
-0.286274
-0.262745
-0.286274
-0.396078
-0.458824
-0.239216
-0.309804
-0.403922
-0.498039
-0.443137
0.011765
0.105882
0.066667
0.458824
0.686275
0.584314
0.286275
0.176471
0.082353
-0.066667
-0.262745
-0.152941
-0.152941
-0.749020
0.019608
0.890196
0.850980
0.843137
0.654902
0.529412
0.043137
-0.019608
-0.200000
-0.231373
-0.309804
-0.372549
-0.294118
-0.262745
-0.458824
-0.443137
-0.466667
-0.317647
0.066667
0.066667
-0.003922
0.200000
0.082353
-0.058824
-0.270588
-0.231373
-0.192157
-0.247059
-0.325490
-0.066667
-0.239216
-0.639216
-0.082353
0.592157
0.788235
0.827451
0.850980
0.858824
0.294118
-0.011765
-0.027451
-0.278431
-0.309804
-0.388235
-0.317647
-0.231373
-0.403922
-0.474510
-0.364706
-0.286274
0.145098
-0.027451
-0.309804
-0.333333
-0.317647
-0.341176
-0.411765
-0.388235
-0.458824
-0.584314
-0.686275
-0.576471
-0.490196
-0.333333
-0.082353
0.129412
0.372549
0.670588
0.819608
0.874510
0.411765
0.003922
-0.098039
-0.349020
-0.419608
-0.443137
-0.325490
-0.325490
-0.294118
-0.349020
-0.396078
-0.364706
0.270588
-0.137255
-0.505882
-0.427451
-0.545098
-0.639216
-0.631373
-0.756863
-0.882353
-0.850980
-0.694118
-0.505882
-0.278431
-0.050980
-0.309804
-0.058824
0.090196
0.207843
0.560784
0.843137
0.639216
0.505882
0.145098
-0.152941
-0.207843
-0.223529
-0.239216
-0.427451
-0.380392
-0.262745
-0.349020
-0.419608
-0.003922
-0.450980
-0.709804
-0.733333
-0.631373
-0.333333
0.011765
-0.184314
-0.427451
-0.262745
-0.019608
0.082353
-0.098039
-0.058824
-0.545098
-0.474510
-0.152941
0.388235
0.474510
0.827451
0.631373
0.168628
0.435294
0.325490
-0.113725
-0.301961
-0.341176
-0.490196
-0.560784
-0.309804
-0.364706
-0.505882
-0.443137
-0.419608
-0.435294
-0.364706
-0.043137
0.262745
0.239216
0.003922
-0.270588
-0.231373
0.003922
0.043137
-0.184314
-0.066667
-0.576471
-0.709804
-0.411765
0.505882
0.772549
0.819608
0.560784
-0.145098
0.160784
0.505882
0.239216
-0.184314
-0.458824
-0.411765
-0.372549
-0.309804
-0.474510
-0.560784
-0.615686
-0.231373
-0.176471
-0.035294
0.160784
0.121569
-0.105882
-0.152941
-0.254902
-0.207843
-0.019608
0.003922
-0.207843
-0.074510
-0.482353
-0.725490
-0.396078
0.490196
0.772549
0.819608
0.654902
0.105882
0.223529
0.521569
0.592157
0.364706
-0.247059
-0.435294
-0.200000
-0.223529
-0.270588
-0.380392
-0.537255
-0.192157
-0.301961
-0.121569
0.082353
0.019608
-0.035294
-0.050980
-0.152941
-0.160784
-0.082353
-0.019608
-0.192157
-0.090196
-0.388235
-0.678431
-0.372549
0.482353
0.756863
0.827451
0.670588
0.145098
0.294118
0.490196
0.443137
0.513726
0.372549
-0.035294
-0.129412
-0.192157
-0.278431
-0.254902
-0.341176
-0.184314
-0.364706
-0.301961
-0.074510
-0.113725
-0.105882
-0.176471
-0.215686
-0.184314
-0.113725
0.058824
-0.019608
-0.027451
-0.435294
-0.670588
-0.301961
0.498039
0.741176
0.803922
0.686275
0.137255
0.200000
0.498039
0.498039
0.403922
0.443137
0.450980
0.145098
-0.200000
-0.372549
-0.325490
-0.349020
-0.223529
-0.443137
-0.309804
-0.176471
-0.223529
-0.301961
-0.262745
-0.160784
0.003922
0.113726
0.278431
0.254902
0.184314
-0.168627
-0.490196
-0.301961
0.474510
0.725490
0.780392
0.694118
0.262745
0.247059
0.474510
0.592157
0.545098
0.419608
0.411765
0.521569
0.270588
-0.325490
-0.490196
-0.349020
-0.192157
-0.325490
-0.082353
0.231373
0.325490
0.349020
0.262745
0.200000
0.270588
0.576471
0.803922
0.819608
0.725490
0.411765
0.137255
0.247059
0.615686
0.756863
0.764706
0.686275
0.325490
0.294118
0.490196
0.631373
0.529412
0.568627
0.474510
0.435294
0.482353
0.301961
-0.325490
0.145098
0.411765
0.207843
0.419608
0.717647
0.905882
0.929412
0.827451
0.772549
0.780392
0.874510
0.968627
0.992157
0.858824
0.341177
0.529412
0.780392
0.741176
0.749020
0.725490
0.678431
0.349020
0.286275
0.474510
0.647059
0.537255
0.568627
0.419608
0.450980
0.458824
0.466667
0.145098
0.545098
0.882353
0.811765
0.898039
0.882353
0.898039
0.945098
0.968627
0.960784
0.976471
0.960784
0.937255
0.968627
0.803922
0.615686
0.686275
0.709804
0.701961
0.701961
0.694118
0.662745
0.325490
0.270588
0.427451
0.623529
0.552941
0.584314
0.317647
0.074510
0.537255
0.458824
0.223529
0.615686
0.976471
0.968627
0.968627
0.952941
0.960784
0.976471
0.960784
0.945098
0.945098
0.952941
0.905882
0.952941
0.796078
0.709804
0.678431
0.686275
0.686275
0.678431
0.694118
0.662745
0.301961
0.262745
0.427451
0.631373
0.607843
0.647059
0.403922
0.066667
0.372549
0.592157
0.301961
0.717647
0.968627
0.890196
0.882353
0.827451
0.741176
0.694118
0.639216
0.607843
0.568627
0.529412
0.450980
0.372549
0.341177
0.443137
0.545098
0.670588
0.733333
0.709804
0.709804
0.678431
0.403922
0.254902
0.364706
0.615686
0.615686
0.631373
0.513726
0.309804
0.301961
0.584314
0.419608
0.090196
0.066667
-0.066667
-0.160784
-0.145098
-0.200000
-0.380392
-0.403922
-0.262745
-0.129412
-0.074510
-0.160784
-0.458824
-0.568627
-0.341176
-0.317647
-0.207843
0.050980
0.270588
0.529412
0.670588
0.505882
0.388235
0.388235
0.576471
0.600000
0.639216
0.694118
0.576471
0.537255
0.607843
0.560784
-0.450980
-0.325490
-0.333333
-0.717647
-0.474510
-0.317647
-0.592157
-0.623529
-0.325490
-0.176471
-0.309804
0.215686
0.215686
0.137255
0.152941
-0.105882
-0.403922
-0.560784
-0.435294
0.215686
0.678431
0.552941
0.607843
0.560784
0.584314
0.584314
0.600000
0.654902
0.631373
0.647059
0.631373
0.600000
0.215686
0.270588
0.192157
-0.623529
-0.278431
-0.262745
-0.521569
-0.568627
-0.027451
0.105882
0.027451
0.811765
0.890196
0.803922
0.788235
0.756863
0.694118
0.521569
0.278431
0.356863
0.490196
0.239216
0.254902
-0.011765
0.411765
0.654902
0.615686
0.670588
0.654902
0.662745
0.647059
0.647059
0.270588
-0.027451
-0.137255
-0.631373
-0.317647
-0.411765
-0.513726
-0.505882
-0.066667
-0.011765
-0.192157
0.239216
0.105882
-0.011765
0.090196
0.207843
0.294118
0.074510
0.247059
0.419608
0.011765
-0.129412
-0.152941
-0.435294
-0.231373
0.058824
0.176471
0.294118
0.364706
0.482353
0.521569
0.600000
0.168628
-0.545098
-0.772549
-0.756863
-0.678431
-0.678431
-0.709804
-0.709804
-0.607843
-0.560784
-0.184314
0.192157
-0.003922
-0.278431
-0.427451
-0.474510
-0.678431
-0.937255
-0.529412
0.333333
-0.411765
-0.443137
-0.552941
-0.623529
-0.701961
-0.709804
-0.623529
-0.584314
-0.560784
-0.458824
-0.239216
0.380392
0.364706
-0.254902
-0.552941
-0.521569
-0.498039
-0.482353
-0.490196
-0.443137
-0.443137
-0.239216
0.317647
0.419608
0.309804
-0.333333
-0.725490
-0.537255
-0.741176
-0.913725
-0.874510
0.003922
-0.333333
-0.537255
-0.419608
-0.380392
-0.301961
-0.443137
-0.592157
-0.749020
-0.811765
-0.850980
-0.654902
0.215686
0.223529
0.184314
0.200000
0.254902
0.286275
0.301961
0.286275
0.309804
0.270588
0.200000
0.168628
0.176471
0.035294
-0.600000
-0.929412
-0.631373
-0.741176
-0.905882
-0.921569
-0.537255
-0.294118
-0.309804
-0.247059
-0.168627
-0.223529
-0.568627
-0.498039
-0.615686
-0.803922
-0.694118
-0.733333
-0.301961
0.309804
0.160784
-0.200000
-0.027451
0.152941
0.113726
-0.019608
-0.019608
0.011765
0.223529
0.427451
0.215686
-0.050980
-0.427451
-0.521569
-0.498039
-0.709804
-0.709804
-0.898039
-0.694118
-0.341176
-0.333333
-0.341176
-0.247059
-0.286274
-0.513726
-0.443137
-0.662745
-0.803922
-0.513726
-0.560784
-0.309804
0.364706
0.105882
-0.654902
-0.662745
-0.552941
-0.592157
-0.654902
-0.623529
-0.380392
0.356863
0.701961
0.301961
-0.239216
-0.380392
-0.247059
-0.411765
-0.356863
-0.019608
-0.709804
-0.662745
-0.380392
-0.427451
-0.435294
-0.341176
-0.317647
-0.262745
-0.435294
-0.662745
-0.733333
-0.192157
-0.254902
-0.027451
0.286275
0.105882
-0.098039
-0.113725
-0.090196
-0.105882
-0.113725
-0.090196
-0.027451
0.168628
0.254902
0.113726
-0.231373
-0.686275
-0.835294
-0.568627
-0.152941
-0.066667
-0.639216
-0.647059
-0.458824
-0.443137
-0.458824
-0.411765
-0.380392
-0.074510
-0.325490
-0.333333
-0.756863
-0.396078
-0.466667
-0.262745
0.372549
0.223529
0.207843
0.152941
0.215686
0.262745
0.254902
0.309804
0.294118
0.192157
0.278431
0.286275
0.043137
-0.521569
-0.686275
-0.529412
-0.364706
-0.215686
-0.490196
-0.537255
-0.513726
-0.600000
-0.654902
-0.694118
-0.662745
-0.200000
-0.568627
-0.749020
-0.819608
-0.670588
-0.521569
-0.270588
0.294118
0.223529
0.247059
0.027451
-0.262745
-0.200000
-0.152941
0.003922
0.207843
0.223529
0.427451
0.403922
-0.019608
-0.349020
-0.309804
-0.505882
-0.662745
-0.411765
-0.545098
-0.647059
-0.725490
-0.835294
-0.890196
-0.913725
-0.890196
-0.537255
-0.615686
-0.576471
-0.364706
-0.192157
-0.035294
0.027451
0.278431
0.239216
0.278431
0.137255
-0.662745
-0.850980
-0.843137
-0.419608
0.050980
-0.066667
-0.137255
-0.223529
-0.521569
-0.788235
-0.858824
-0.866667
-0.803922
-0.772549
-0.874510
-0.960784
-0.952941
-0.921569
-0.803922
-0.600000
-0.466667
-0.294118
-0.090196
0.050980
0.098039
0.121569
0.121569
0.121569
0.388235
0.074510
-0.184314
-0.207843
0.027451
0.301961
0.490196
0.560784
0.223529
-0.058824
-0.160784
-0.184314
-0.050980
0.011765
0.474510
0.772549
0.654902
0.309804
0.294118
0.254902
-0.082353
-0.207843
-0.254902
-0.301961
-0.450980
-0.529412
-0.552941
-0.388235
-0.247059
-0.254902
-0.294118
-0.364706
0.254902
0.200000
-0.019608
0.011765
0.262745
0.286275
0.474510
0.482353
0.090196
-0.129412
-0.003922
0.223529
0.505882
0.717647
0.890196
0.929412
0.898039
0.874510
0.843137
0.780392
0.121569
-0.239216
-0.207843
-0.247059
-0.301961
-0.364706
-0.474510
-0.325490
-0.254902
-0.223529
-0.372549
-0.427451
0.215686
0.145098
-0.098039
0.200000
0.176471
0.137255
0.443137
0.482353
0.380392
0.529412
0.709804
0.827451
0.858824
0.921569
0.913725
0.898039
0.811765
0.772549
0.843137
0.905882
0.388235
-0.200000
-0.192157
-0.301961
-0.192157
-0.254902
-0.474510
-0.325490
-0.270588
-0.356863
-0.450980
-0.458824
0.152941
0.113726
-0.050980
0.043137
0.231373
0.513726
0.741176
0.780392
0.749020
0.717647
0.521569
0.443137
0.458824
0.105882
0.427451
0.850980
0.803922
0.662745
0.529412
0.568627
0.435294
-0.035294
-0.262745
-0.239216
-0.262745
-0.372549
-0.435294
-0.215686
-0.286274
-0.388235
-0.482353
-0.427451
0.074510
0.145098
0.090196
0.458824
0.725490
0.694118
0.474510
0.396078
0.270588
0.145098
-0.043137
0.074510
0.090196
-0.592157
0.082353
0.874510
0.843137
0.850980
0.654902
0.521569
0.050980
0.003922
-0.160784
-0.184314
-0.278431
-0.356863
-0.270588
-0.239216
-0.427451
-0.427451
-0.450980
-0.301961
0.129412
0.168628
0.160784
0.349020
0.254902
0.105882
-0.098039
-0.074510
-0.058824
-0.090196
-0.152941
0.121569
-0.066667
-0.537255
-0.043137
0.615686
0.811765
0.850980
0.882353
0.882353
0.333333
-0.019608
0.035294
-0.200000
-0.317647
-0.403922
-0.325490
-0.223529
-0.396078
-0.458824
-0.349020
-0.270588
0.207843
0.082353
-0.145098
-0.176471
-0.137255
-0.192157
-0.294118
-0.278431
-0.333333
-0.435294
-0.521569
-0.372549
-0.301961
-0.262745
-0.074510
0.137255
0.396078
0.701961
0.850980
0.913725
0.443137
-0.050980
-0.074510
-0.278431
-0.443137
-0.466667
-0.333333
-0.333333
-0.294118
-0.333333
-0.380392
-0.349020
0.349020
-0.019608
-0.396078
-0.356863
-0.443137
-0.552941
-0.568627
-0.670588
-0.741176
-0.686275
-0.505882
-0.270588
-0.019608
0.043137
-0.325490
-0.066667
0.113726
0.239216
0.592157
0.882353
0.639216
0.388235
0.074510
-0.137255
-0.239216
-0.239216
-0.247059
-0.435294
-0.380392
-0.247059
-0.333333
-0.403922
0.074510
-0.294118
-0.592157
-0.694118
-0.576471
-0.286274
0.035294
-0.129412
-0.294118
-0.105882
0.168628
0.317647
0.184314
0.027451
-0.568627
-0.450980
-0.121569
0.411765
0.498039
0.858824
0.592157
-0.050980
0.254902
0.286275
-0.137255
-0.317647
-0.356863
-0.505882
-0.568627
-0.286274
-0.341176
-0.482353
-0.411765
-0.231373
-0.270588
-0.317647
0.011765
0.309804
0.247059
0.050980
-0.129412
-0.066667
0.192157
0.286275
0.082353
-0.019608
-0.592157
-0.623529
-0.356863
0.521569
0.796078
0.858824
0.466667
-0.482353
-0.121569
0.435294
0.223529
-0.184314
-0.466667
-0.427451
-0.380392
-0.286274
-0.450980
-0.537255
-0.639216
-0.043137
0.011765
0.035294
0.239216
0.184314
-0.098039
-0.113725
-0.121569
-0.035294
0.184314
0.254902
0.027451
-0.043137
-0.474510
-0.568627
-0.309804
0.513726
0.796078
0.843137
0.529412
-0.278431
-0.098039
0.435294
0.568627
0.349020
-0.254902
-0.450980
-0.207843
-0.200000
-0.247059
-0.356863
-0.545098
-0.050980
-0.113725
0.027451
0.207843
0.121569
0.035294
0.019608
-0.043137
-0.003922
0.145098
0.254902
0.035294
-0.027451
-0.325490
-0.482353
-0.239216
0.560784
0.803922
0.819608
0.552941
-0.192157
-0.003922
0.380392
0.356863
0.435294
0.325490
-0.043137
-0.113725
-0.168627
-0.270588
-0.254902
-0.309804
-0.035294
-0.176471
-0.082353
0.152941
0.090196
0.074510
-0.019608
-0.050980
0.027451
0.168628
0.364706
0.184314
0.043137
-0.364706
-0.498039
-0.168627
0.584314
0.796078
0.796078
0.592157
-0.168627
-0.090196
0.364706
0.372549
0.270588
0.349020
0.403922
0.129412
-0.200000
-0.380392
-0.341176
-0.301961
-0.074510
-0.278431
-0.105882
0.043137
-0.019608
-0.129412
-0.121569
-0.035294
0.160784
0.309804
0.490196
0.396078
0.239216
-0.121569
-0.388235
-0.207843
0.552941
0.780392
0.796078
0.631373
-0.027451
-0.050980
0.325490
0.443137
0.380392
0.278431
0.309804
0.450980
0.231373
-0.364706
-0.521569
-0.333333
-0.090196
-0.215686
0.011765
0.309804
0.372549
0.380392
0.270588
0.192157
0.278431
0.600000
0.843137
0.882353
0.756863
0.435294
0.176471
0.317647
0.686275
0.811765
0.803922
0.654902
0.058824
-0.003922
0.317647
0.458824
0.380392
0.435294
0.356863
0.325490
0.396078
0.239216
-0.349020
0.113726
0.443137
0.231373
0.435294
0.725490
0.890196
0.882353
0.780392
0.741176
0.756863
0.843137
0.937255
0.984314
0.866667
0.349020
0.521569
0.819608
0.803922
0.811765
0.788235
0.678431
0.098039
-0.003922
0.278431
0.490196
0.443137
0.474510
0.317647
0.341177
0.349020
0.396078
0.129412
0.474510
0.858824
0.788235
0.905882
0.905882
0.913725
0.937255
0.968627
0.984314
0.984314
0.968627
0.929412
0.945098
0.811765
0.631373
0.678431
0.733333
0.749020
0.756863
0.764706
0.670588
0.105882
-0.019608
0.207843
0.474510
0.474510
0.474510
0.168628
-0.090196
0.380392
0.356863
0.192157
0.560784
0.921569
0.937255
0.968627
0.960784
0.968627
0.976471
0.968627
0.945098
0.937255
0.952941
0.929412
0.952941
0.819608
0.756863
0.733333
0.717647
0.717647
0.717647
0.733333
0.647059
0.137255
-0.019608
0.176471
0.458824
0.443137
0.419608
0.105882
-0.270588
0.113726
0.419608
0.207843
0.678431
0.945098
0.890196
0.882353
0.827451
0.733333
0.694118
0.639216
0.607843
0.568627
0.529412
0.450980
0.364706
0.349020
0.490196
0.607843
0.709804
0.756863
0.741176
0.749020
0.647059
0.239216
-0.035294
0.105882
0.443137
0.443137
0.396078
0.207843
-0.035294
0.035294
0.403922
0.309804
0.066667
0.105882
-0.027451
-0.145098
-0.152941
-0.207843
-0.388235
-0.403922
-0.239216
-0.082353
-0.058824
-0.200000
-0.490196
-0.584314
-0.325490
-0.286274
-0.184314
0.074510
0.301961
0.568627
0.623529
0.301961
0.082353
0.129412
0.419608
0.450980
0.450980
0.458824
0.317647
0.309804
0.450980
0.450980
-0.443137
-0.223529
-0.247059
-0.701961
-0.482353
-0.333333
-0.607843
-0.623529
-0.262745
-0.066667
-0.278431
0.145098
0.160784
0.105882
0.145098
-0.090196
-0.380392
-0.529412
-0.411765
0.247059
0.584314
0.294118
0.278431
0.301961
0.435294
0.443137
0.443137
0.482353
0.443137
0.458824
0.482353
0.482353
0.254902
0.427451
0.325490
-0.600000
-0.294118
-0.278431
-0.545098
-0.560784
0.082353
0.278431
0.090196
0.717647
0.819608
0.764706
0.772549
0.764706
0.733333
0.560784
0.301961
0.380392
0.364706
-0.043137
-0.105882
-0.294118
0.254902
0.505882
0.482353
0.545098
0.521569
0.505882
0.513726
0.521569
0.301961
0.113726
-0.003922
-0.607843
-0.341176
-0.435294
-0.537255
-0.505882
0.003922
0.113726
-0.145098
0.160784
0.058824
-0.035294
0.074510
0.207843
0.317647
0.098039
0.254902
0.411765
-0.176471
-0.466667
-0.513726
-0.701961
-0.380392
-0.058824
0.050980
0.184314
0.262745
0.349020
0.411765
0.490196
0.152941
-0.505882
-0.694118
-0.733333
-0.701961
-0.694118
-0.725490
-0.717647
-0.592157
-0.552941
-0.168627
0.207843
0.003922
-0.270588
-0.419608
-0.482353
-0.670588
-0.921569
-0.537255
0.301961
-0.615686
-0.733333
-0.788235
-0.788235
-0.788235
-0.780392
-0.749020
-0.701961
-0.647059
-0.560784
-0.317647
0.333333
0.333333
-0.254902
-0.505882
-0.490196
-0.482353
-0.458824
-0.474510
-0.411765
-0.372549
-0.168627
0.388235
0.466667
0.270588
-0.341176
-0.701961
-0.490196
-0.678431
-0.850980
-0.835294
0.003922
-0.364706
-0.568627
-0.443137
-0.396078
-0.301961
-0.490196
-0.701961
-0.858824
-0.882353
-0.898039
-0.686275
0.207843
0.168628
0.176471
0.239216
0.294118
0.317647
0.333333
0.325490
0.325490
0.278431
0.231373
0.168628
0.105882
-0.050980
-0.623529
-0.874510
-0.529412
-0.623529
-0.803922
-0.835294
-0.490196
-0.215686
-0.223529
-0.207843
-0.168627
-0.231373
-0.600000
-0.600000
-0.709804
-0.843137
-0.686275
-0.725490
-0.286274
0.247059
0.137255
-0.184314
-0.011765
0.160784
0.121569
-0.011765
-0.074510
-0.090196
0.168628
0.301961
0.003922
-0.145098
-0.443137
-0.474510
-0.411765
-0.600000
-0.607843
-0.811765
-0.639216
-0.286274
-0.294118
-0.349020
-0.317647
-0.333333
-0.529412
-0.521569
-0.749020
-0.827451
-0.474510
-0.529412
-0.294118
0.286275
0.074510
-0.639216
-0.678431
-0.600000
-0.639216
-0.709804
-0.709804
-0.458824
0.349020
0.584314
0.074510
-0.278431
-0.372549
-0.223529
-0.388235
-0.294118
0.058824
-0.662745
-0.639216
-0.372549
-0.419608
-0.450980
-0.388235
-0.333333
-0.270588
-0.498039
-0.733333
-0.741176
-0.152941
-0.231373
-0.035294
0.215686
0.090196
-0.066667
-0.113725
-0.152941
-0.176471
-0.152941
-0.121569
-0.035294
0.223529
0.223529
0.003922
-0.215686
-0.654902
-0.819608
-0.560784
-0.105882
-0.011765
-0.615686
-0.654902
-0.443137
-0.419608
-0.443137
-0.403922
-0.356863
-0.050980
-0.364706
-0.388235
-0.788235
-0.396078
-0.482353
-0.309804
0.309804
0.207843
0.254902
0.200000
0.200000
0.207843
0.278431
0.356863
0.294118
0.192157
0.270588
0.278431
0.082353
-0.474510
-0.647059
-0.482353
-0.301961
-0.145098
-0.458824
-0.529412
-0.498039
-0.584314
-0.662745
-0.717647
-0.654902
-0.152941
-0.560784
-0.796078
-0.890196
-0.733333
-0.584314
-0.349020
0.207843
0.192157
0.262745
0.019608
-0.309804
-0.278431
-0.160784
0.011765
0.168628
0.184314
0.388235
0.372549
0.011765
-0.301961
-0.270588
-0.458824
-0.600000
-0.349020
-0.513726
-0.631373
-0.709804
-0.827451
-0.905882
-0.952941
-0.898039
-0.498039
-0.615686
-0.623529
-0.435294
-0.270588
-0.105882
-0.050980
0.160784
0.160784
0.223529
0.058824
-0.749020
-0.929412
-0.890196
-0.466667
-0.019608
-0.137255
-0.207843
-0.270588
-0.505882
-0.756863
-0.835294
-0.843137
-0.733333
-0.709804
-0.843137
-0.952941
-0.952941
-0.929412
-0.827451
-0.647059
-0.498039
-0.294118
-0.113725
-0.003922
0.019608
0.043137
0.050980
0.043137
0.466667
0.066667
-0.254902
-0.223529
0.090196
0.411765
0.647059
0.678431
0.223529
-0.137255
-0.231373
-0.200000
-0.082353
-0.003922
0.482353
0.796078
0.654902
0.270588
0.223529
0.160784
-0.192157
-0.349020
-0.403922
-0.380392
-0.458824
-0.521569
-0.576471
-0.435294
-0.341176
-0.443137
-0.443137
-0.450980
0.325490
0.207843
-0.074510
0.035294
0.356863
0.372549
0.568627
0.537255
0.074510
-0.200000
-0.058824
0.223529
0.466667
0.686275
0.866667
0.921569
0.874510
0.843137
0.796078
0.725490
0.066667
-0.333333
-0.341176
-0.317647
-0.325490
-0.396078
-0.529412
-0.403922
-0.372549
-0.388235
-0.513726
-0.521569
0.286275
0.168628
-0.121569
0.247059
0.270588
0.207843
0.490196
0.505882
0.372549
0.482353
0.701961
0.866667
0.843137
0.898039
0.898039
0.890196
0.780392
0.741176
0.819608
0.898039
0.396078
-0.239216
-0.278431
-0.356863
-0.223529
-0.325490
-0.576471
-0.450980
-0.411765
-0.498039
-0.568627
-0.568627
0.215686
0.145098
-0.050980
0.090196
0.309804
0.552941
0.756863
0.803922
0.764706
0.701961
0.552941
0.537255
0.490196
0.121569
0.450980
0.866667
0.772549
0.623529
0.537255
0.600000
0.505882
-0.027451
-0.317647
-0.278431
-0.309804
-0.482353
-0.568627
-0.372549
-0.450980
-0.498039
-0.584314
-0.537255
0.129412
0.192157
0.113726
0.490196
0.780392
0.749020
0.529412
0.450980
0.325490
0.176471
0.043137
0.207843
0.152941
-0.529412
0.137255
0.921569
0.827451
0.827451
0.670588
0.568627
0.145098
0.027451
-0.207843
-0.215686
-0.341176
-0.482353
-0.427451
-0.419608
-0.607843
-0.529412
-0.552941
-0.419608
0.168628
0.294118
0.286275
0.419608
0.356863
0.262745
0.082353
0.090196
0.074510
0.027451
-0.019608
0.239216
-0.035294
-0.482353
0.027451
0.662745
0.819608
0.850980
0.858824
0.858824
0.341177
-0.082353
-0.043137
-0.200000
-0.356863
-0.498039
-0.450980
-0.396078
-0.568627
-0.552941
-0.443137
-0.364706
0.349020
0.317647
0.090196
-0.058824
-0.027451
-0.066667
-0.152941
-0.168627
-0.278431
-0.388235
-0.482353
-0.341176
-0.239216
-0.176471
-0.019608
0.160784
0.419608
0.717647
0.835294
0.866667
0.396078
-0.200000
-0.184314
-0.254902
-0.458824
-0.560784
-0.458824
-0.498039
-0.458824
-0.435294
-0.474510
-0.443137
0.505882
0.207843
-0.168627
-0.223529
-0.356863
-0.529412
-0.545098
-0.639216
-0.701961
-0.662745
-0.490196
-0.223529
0.145098
0.168628
-0.278431
-0.066667
0.137255
0.270588
0.592157
0.858824
0.560784
0.184314
-0.050980
-0.121569
-0.270588
-0.349020
-0.380392
-0.584314
-0.529412
-0.356863
-0.443137
-0.513726
0.082353
-0.200000
-0.474510
-0.560784
-0.474510
-0.278431
0.066667
-0.003922
-0.090196
0.090196
0.349020
0.521569
0.435294
0.176471
-0.513726
-0.427451
-0.066667
0.458824
0.521569
0.858824
0.513726
-0.262745
0.113726
0.239216
-0.247059
-0.458824
-0.490196
-0.631373
-0.686275
-0.403922
-0.458824
-0.600000
-0.458824
-0.152941
-0.121569
-0.137255
0.152941
0.372549
0.396078
0.325490
0.168628
0.231373
0.474510
0.576471
0.380392
0.145098
-0.521569
-0.560784
-0.278431
0.592157
0.843137
0.874510
0.435294
-0.639216
-0.278431
0.286275
0.019608
-0.356863
-0.607843
-0.537255
-0.482353
-0.427451
-0.592157
-0.678431
-0.615686
0.129412
0.294118
0.294118
0.403922
0.301961
0.160784
0.215686
0.145098
0.215686
0.419608
0.505882
0.309804
0.129412
-0.364706
-0.450980
-0.192157
0.584314
0.835294
0.874510
0.545098
-0.411765
-0.286274
0.192157
0.278431
0.145098
-0.403922
-0.537255
-0.278431
-0.341176
-0.396078
-0.505882
-0.474510
0.129412
0.121569
0.247059
0.388235
0.301961
0.262745
0.270588
0.192157
0.215686
0.341177
0.450980
0.262745
0.160784
-0.160784
-0.301961
-0.058824
0.607843
0.756863
0.843137
0.576471
-0.364706
-0.239216
0.090196
0.011765
0.176471
0.152941
-0.098039
-0.145098
-0.309804
-0.411765
-0.380392
-0.215686
0.145098
0.035294
0.152941
0.403922
0.349020
0.341177
0.247059
0.207843
0.270588
0.396078
0.560784
0.325490
0.192157
-0.192157
-0.286274
0.011765
0.607843
0.725490
0.819608
0.600000
-0.349020
-0.341176
0.074510
0.027451
-0.003922
0.137255
0.262745
0.019608
-0.333333
-0.498039
-0.435294
-0.192157
0.113726
-0.066667
0.105882
0.262745
0.207843
0.105882
0.105882
0.160784
0.349020
0.482353
0.631373
0.443137
0.294118
0.011765
-0.184314
-0.066667
0.560784
0.733333
0.803922
0.623529
-0.215686
-0.294118
0.043137
0.098039
0.090196
0.011765
0.043137
0.207843
0.074510
-0.474510
-0.592157
-0.239216
0.066667
-0.066667
0.113726
0.388235
0.458824
0.474510
0.349020
0.231373
0.309804
0.623529
0.850980
0.874510
0.749020
0.490196
0.317647
0.380392
0.670588
0.780392
0.803922
0.623529
-0.137255
-0.247059
0.043137
0.113726
0.058824
0.105882
0.027451
0.019608
0.184314
0.074510
-0.458824
0.160784
0.529412
0.317647
0.458824
0.733333
0.905882
0.913725
0.788235
0.709804
0.717647
0.803922
0.913725
0.984314
0.827451
0.325490
0.560784
0.811765
0.772549
0.796078
0.772549
0.631373
-0.105882
-0.254902
0.011765
0.129412
0.066667
0.121569
-0.011765
0.027451
0.058824
0.152941
-0.043137
0.474510
0.898039
0.803922
0.913725
0.913725
0.921569
0.960784
0.976471
0.976471
0.976471
0.960784
0.929412
0.945098
0.756863
0.560784
0.647059
0.694118
0.725490
0.756863
0.749020
0.623529
-0.098039
-0.262745
-0.058824
0.098039
0.074510
0.137255
-0.090196
-0.317647
0.066667
0.050980
-0.035294
0.560784
0.952941
0.929412
0.952941
0.952941
0.960784
0.968627
0.960784
0.945098
0.937255
0.952941
0.913725
0.929412
0.772549
0.701961
0.686275
0.717647
0.733333
0.733333
0.741176
0.631373
-0.058824
-0.270588
-0.105882
0.074510
0.098039
0.152941
-0.066667
-0.388235
-0.113725
0.105882
-0.043137
0.701961
0.992157
0.905882
0.874510
0.827451
0.741176
0.694118
0.654902
0.639216
0.600000
0.552941
0.474510
0.372549
0.356863
0.474510
0.600000
0.756863
0.803922
0.756863
0.725490
0.600000
0.003922
-0.317647
-0.200000
0.027451
0.074510
0.098039
-0.011765
-0.207843
-0.200000
0.074510
0.043137
0.129412
0.223529
0.043137
-0.113725
-0.113725
-0.160784
-0.341176
-0.349020
-0.176471
-0.027451
0.003922
-0.121569
-0.443137
-0.537255
-0.294118
-0.254902
-0.105882
0.129412
0.317647
0.529412
0.537255
0.043137
-0.207843
-0.176471
-0.003922
0.043137
0.082353
0.145098
0.043137
0.019608
0.074510
0.152941
-0.325490
-0.019608
-0.113725
-0.623529
-0.403922
-0.254902
-0.529412
-0.552941
-0.223529
-0.043137
-0.223529
0.223529
0.215686
0.152941
0.184314
-0.058824
-0.333333
-0.490196
-0.396078
0.239216
0.537255
0.058824
0.019608
0.043137
0.050980
0.043137
0.058824
0.121569
0.105882
0.121569
0.074510
0.152941
0.411765
0.701961
0.513726
-0.482353
-0.176471
-0.160784
-0.419608
-0.490196
0.066667
0.239216
0.090196
0.756863
0.827451
0.764706
0.764706
0.749020
0.686275
0.545098
0.341177
0.450980
0.388235
-0.231373
-0.294118
-0.466667
-0.058824
0.145098
0.113726
0.168628
0.145098
0.113726
0.050980
0.137255
0.427451
0.356863
0.168628
-0.490196
-0.223529
-0.309804
-0.411765
-0.450980
-0.035294
0.058824
-0.168627
0.184314
0.082353
-0.035294
0.074510
0.215686
0.270588
0.066667
0.278431
0.513726
-0.121569
-0.592157
-0.631373
-0.811765
-0.568627
-0.278431
-0.200000
-0.082353
-0.019608
0.019608
0.043137
0.192157
0.239216
-0.349020
-0.568627
-0.639216
-0.600000
-0.592157
-0.623529
-0.639216
-0.552941
-0.498039
-0.105882
0.286275
0.105882
-0.207843
-0.356863
-0.372549
-0.623529
-0.945098
-0.545098
0.349020
-0.568627
-0.741176
-0.796078
-0.819608
-0.796078
-0.764706
-0.803922
-0.780392
-0.725490
-0.686275
-0.435294
0.254902
0.435294
-0.090196
-0.364706
-0.380392
-0.372549
-0.356863
-0.364706
-0.278431
-0.215686
-0.003922
0.552941
0.631373
0.419608
-0.262745
-0.631373
-0.380392
-0.607843
-0.866667
-0.858824
0.050980
-0.247059
-0.435294
-0.301961
-0.254902
-0.184314
-0.427451
-0.709804
-0.890196
-0.898039
-0.890196
-0.654902
0.262745
0.294118
0.364706
0.403922
0.427451
0.443137
0.458824
0.443137
0.466667
0.443137
0.364706
0.294118
0.254902
0.113726
-0.537255
-0.819608
-0.427451
-0.545098
-0.788235
-0.843137
-0.419608
-0.066667
-0.035294
-0.003922
0.050980
-0.050980
-0.521569
-0.600000
-0.741176
-0.835294
-0.584314
-0.600000
-0.160784
0.349020
0.301961
-0.035294
0.098039
0.254902
0.215686
0.090196
0.027451
-0.011765
0.192157
0.294118
0.058824
0.003922
-0.349020
-0.411765
-0.301961
-0.490196
-0.552941
-0.772549
-0.537255
-0.152941
-0.160784
-0.200000
-0.145098
-0.168627
-0.435294
-0.513726
-0.764706
-0.796078
-0.333333
-0.380392
-0.160784
0.333333
0.176471
-0.560784
-0.623529
-0.552941
-0.584314
-0.654902
-0.639216
-0.411765
0.317647
0.521569
0.074510
-0.152941
-0.294118
-0.160784
-0.254902
-0.145098
0.160784
-0.576471
-0.490196
-0.215686
-0.278431
-0.301961
-0.231373
-0.176471
-0.168627
-0.474510
-0.741176
-0.709804
-0.035294
-0.129412
0.043137
0.254902
0.192157
0.035294
-0.050980
-0.082353
-0.098039
-0.074510
-0.027451
0.050980
0.247059
0.223529
0.043137
-0.090196
-0.560784
-0.725490
-0.419608
0.035294
0.098039
-0.521569
-0.529412
-0.278431
-0.247059
-0.278431
-0.247059
-0.207843
0.058824
-0.317647
-0.388235
-0.772549
-0.341176
-0.427451
-0.262745
0.301961
0.254902
0.333333
0.278431
0.294118
0.341177
0.411765
0.458824
0.364706
0.254902
0.333333
0.349020
0.192157
-0.364706
-0.537255
-0.364706
-0.200000
-0.066667
-0.388235
-0.474510
-0.396078
-0.458824
-0.552941
-0.631373
-0.552941
-0.043137
-0.498039
-0.772549
-0.890196
-0.717647
-0.552941
-0.286274
0.003922
0.019608
0.113726
-0.003922
-0.254902
-0.184314
-0.058824
0.074510
0.192157
0.207843
0.403922
0.403922
0.058824
-0.254902
-0.223529
-0.411765
-0.521569
-0.262745
-0.443137
-0.592157
-0.654902
-0.764706
-0.858824
-0.929412
-0.843137
-0.396078
-0.545098
-0.592157
-0.427451
-0.247059
-0.058824
0.027451
-0.058824
-0.043137
0.043137
-0.019608
-0.749020
-0.905882
-0.850980
-0.450980
-0.043137
-0.160784
-0.223529
-0.286274
-0.513726
-0.764706
-0.843137
-0.835294
-0.670588
-0.623529
-0.780392
-0.913725
-0.913725
-0.905882
-0.827451
-0.670588
-0.474510
-0.207843
-0.043137
0.043137
0.066667
0.090196
0.113726
0.129412
