26
-1
-22
-25
-2
27
44
52
14
-16
-21
-18
-4
0
53
89
81
38
36
30
-11
-25
-32
-37
-55
-67
-71
-50
-33
-36
-40
-48
12
17
-2
-3
22
24
46
50
6
-17
5
35
64
90
112
117
113
110
106
98
14
-31
-28
-32
-38
-47
-62
-43
-35
-31
-50
-56
12
11
-12
19
10
4
42
50
43
64
91
106
101
111
116
118
104
97
107
115
49
-26
-26
-39
-24
-33
-62
-44
-37
-48
-59
-60
8
9
-5
4
23
53
75
80
80
75
51
41
36
-2
50
112
103
83
67
73
55
-6
-36
-33
-36
-50
-58
-30
-39
-51
-63
-56
1
13
8
58
87
74
36
22
10
-8
-33
-19
-19
-95
2
113
108
107
83
67
5
-2
-25
-29
-39
-47
-37
-33
-58
-56
-59
-40
8
8
0
25
10
-7
-34
-29
-24
-31
-41
-8
-30
-81
-10
75
100
105
108
109
37
-1
-3
-35
-39
-49
-40
-29
-51
-60
-46
-36
18
-3
-39
-42
-40
-43
-52
-49
-58
-74
-87
-73
-62
-42
-10
16
47
85
104
111
52
0
-12
-44
-53
-56
-41
-41
-37
-44
-50
-46
34
-17
-64
-54
-69
-81
-80
-96
-112
-108
-88
-64
-35
-6
-39
-7
11
26
71
107
81
64
18
-19
-26
-28
-30
-54
-48
-33
-44
-53
0
-57
-90
-93
-80
-42
1
-23
-54
-33
-2
10
-12
-7
-69
-60
-19
49
60
105
80
21
55
41
-14
-38
-43
-62
-71
-39
-46
-64
-56
-53
-55
-46
-5
33
30
0
-34
-29
0
5
-23
-8
-73
-90
-52
64
98
104
71
-18
20
64
30
-23
-58
-52
-47
-39
-60
-71
-78
-29
-22
-4
20
15
-13
-19
-32
-26
-2
0
-26
-9
-61
-92
-50
62
98
104
83
13
28
66
75
46
-31
-55
-25
-28
-34
-48
-68
-24
-38
-15
10
2
-4
-6
-19
-20
-10
-2
-24
-11
-49
-86
-47
61
96
105
85
18
37
62
56
65
47
-4
-16
-24
-35
-32
-43
-23
-46
-38
-9
-14
-13
-22
-27
-23
-14
7
-2
-3
-55
-85
-38
63
94
102
87
17
25
63
63
51
56
57
18
-25
-47
-41
-44
-28
-56
-39
-22
-28
-38
-33
-20
0
14
35
32
23
-21
-62
-38
60
92
99
88
33
31
60
75
69
53
52
66
34
-41
-62
-44
-24
-41
-10
29
41
44
33
25
34
73
102
104
92
52
17
31
78
96
97
87
41
37
62
80
67
72
60
55
61
38
-41
18
52
26
53
91
115
118
105
98
99
111
123
126
109
43
67
99
94
95
92
86
44
36
60
82
68
72
53
57
58
59
18
69
112
103
114
112
114
120
123
122
124
122
119
123
102
78
87
90
89
89
88
84
41
34
54
79
70
74
40
9
68
58
28
78
124
123
123
121
122
124
122
120
120
121
115
121
101
90
86
87
87
86
88
84
38
33
54
80
77
82
51
8
47
75
38
91
123
113
112
105
94
88
81
77
72
67
57
47
43
56
69
85
93
90
90
86
51
32
46
78
78
80
65
39
38
74
53
11
8
-8
-20
-18
-25
-48
-51
-33
-16
-9
-20
-58
-72
-43
-40
-26
6
34
67
85
64
49
49
73
76
81
88
73
68
77
71
-57
-41
-42
-91
-60
-40
-75
-79
-41
-22
-39
27
27
17
19
-13
-51
-71
-55
27
86
70
77
71
74
74
76
83
80
82
80
76
27
34
24
-79
-35
-33
-66
-72
-3
13
3
103
113
102
100
96
88
66
35
45
62
30
32
-1
52
83
78
85
83
84
82
82
34
-3
-17
-80
-40
-52
-65
-64
-8
-1
-24
30
13
-1
11
26
37
9
31
53
1
-16
-19
-55
-29
7
22
37
46
61
66
76
21
-69
-98
-96
-86
-86
-90
-90
-77
-71
-23
24
0
-35
-54
-60
-86
-119
-67
42
-52
-56
-70
-79
-89
-90
-79
-74
-71
-58
-30
48
46
-32
-70
-66
-63
-61
-62
-56
-56
-30
40
53
39
-42
-92
-68
-94
-116
-111
0
-42
-68
-53
-48
-38
-56
-75
-95
-103
-108
-83
27
28
23
25
32
36
38
36
39
34
25
21
22
4
-76
-118
-80
-94
-115
-117
-68
-37
-39
-31
-21
-28
-72
-63
-78
-102
-88
-93
-38
39
20
-25
-3
19
14
-2
-2
1
28
54
27
-6
-54
-66
-63
-90
-90
-114
-88
-43
-42
-43
-31
-36
-65
-56
-84
-102
-65
-71
-39
46
13
-83
-84
-70
-75
-83
-79
-48
45
89
38
-30
-48
-31
-52
-45
-2
-90
-84
-48
-54
-55
-43
-40
-33
-55
-84
-93
-24
-32
-3
36
13
-12
-14
-11
-13
-14
-11
-3
21
32
14
-29
-87
-106
-72
-19
-8
-81
-82
-58
-56
-58
-52
-48
-9
-41
-42
-96
-50
-59
-33
47
28
26
19
27
33
32
39
37
24
35
36
5
-66
-87
-67
-46
-27
-62
-68
-65
-76
-83
-88
-84
-25
-72
-95
-104
-85
-66
-34
37
28
31
3
-33
-25
-19
0
26
28
54
51
-2
-44
-39
-64
-84
-52
-69
-82
-92
-106
-113
-116
-113
-68
-78
-73
-46
-24
-4
3
35
30
35
17
-84
-108
-107
-53
6
-8
-17
-28
-66
-100
-109
-110
-102
-98
-111
-122
-121
-117
-102
-76
-59
-37
-11
6
12
15
15
15
49
9
-23
-26
3
38
62
71
28
-7
-20
-23
-6
1
60
98
83
39
37
32
-10
-26
-32
-38
-57
-67
-70
-49
-31
-32
-37
-46
32
25
-2
1
33
36
60
61
11
-16
0
28
64
91
113
118
114
111
107
99
15
-30
-26
-31
-38
-46
-60
-41
-32
-28
-47
-54
27
18
-12
25
22
17
56
61
48
67
90
105
109
117
116
114
103
98
107
115
49
-25
-24
-38
-24
-32
-60
-41
-34
-45
-57
-58
19
14
-6
5
29
65
94
99
95
91
66
56
58
13
54
108
102
84
67
72
55
-4
-33
-30
-33
-47
-55
-27
-36
-49
-61
-54
9
18
11
58
92
88
60
50
34
18
-5
9
11
-75
10
111
107
108
83
66
6
0
-20
-23
-35
-45
-34
-30
-54
-54
-57
-38
16
21
20
44
32
13
-12
-9
-7
-11
-19
15
-8
-68
-5
78
103
108
112
112
42
-2
4
-25
-40
-51
-41
-28
-50
-58
-44
-34
26
10
-18
-22
-17
-24
-37
-35
-42
-55
-66
-47
-38
-33
-9
17
50
89
108
116
56
-6
-9
-35
-56
-59
-42
-42
-37
-42
-48
-44
44
-2
-50
-45
-56
-70
-72
-85
-94
-87
-64
-34
-2
5
-41
-8
14
30
75
112
81
49
9
-17
-30
-30
-31
-55
-48
-31
-42
-51
9
-37
-75
-88
-73
-36
4
-16
-37
-13
21
40
23
3
-72
-57
-15
52
63
109
75
-6
32
36
-17
-40
-45
-64
-72
-36
-43
-61
-52
-29
-34
-40
1
39
31
6
-16
-8
24
36
10
-2
-75
-79
-45
66
101
109
59
-61
-15
55
28
-23
-59
-54
-48
-36
-57
-68
-81
-5
1
4
30
23
-12
-14
-15
-4
23
32
3
-5
-60
-72
-39
65
101
107
67
-35
-12
55
72
44
-32
-57
-26
-25
-31
-45
-69
-6
-14
3
26
15
4
2
-5
0
18
32
4
-3
-41
-61
-30
71
102
104
70
-24
0
48
45
55
41
-5
-14
-21
-34
-32
-39
-4
-22
-10
19
11
9
-2
-6
3
21
46
23
5
-46
-63
-21
74
101
101
75
-21
-11
46
47
34
44
51
16
-25
-48
-43
-38
-9
-35
-13
5
-2
-16
-15
-4
20
39
62
50
30
-15
-49
-26
70
99
101
80
-3
-6
41
56
48
35
39
57
29
-46
-66
-42
-11
-27
1
39
47
48
34
24
35
76
107
112
96
55
22
40
87
103
102
83
7
0
40
58
48
55
45
41
50
30
-44
14
56
29
55
92
113
112
99
94
96
107
119
125
110
44
66
104
102
103
100
86
12
0
35
62
56
60
40
43
44
50
16
60
109
100
115
115
116
119
123
125
125
123
118
120
103
80
86
93
95
96
97
85
13
-2
26
60
60
60
21
-11
48
45
24
71
117
119
123
122
123
124
123
120
119
121
118
121
104
96
93
91
91
91
93
82
17
-2
22
58
56
53
13
-34
14
53
26
86
120
113
112
105
93
88
81
77
72
67
57
46
44
62
77
90
96
94
95
82
30
-4
13
56
56
50
26
-4
4
51
39
8
13
-3
-18
-19
-26
-49
-51
-30
-10
-7
-25
-62
-74
-41
-36
-23
9
38
72
79
38
10
16
53
57
57
58
40
39
57
57
-56
-28
-31
-89
-61
-42
-77
-79
-33
-8
-35
18
20
13
18
-11
-48
-67
-52
31
74
37
35
38
55
56
56
61
56
58
61
61
32
54
41
-76
-37
-35
-69
-71
10
35
11
91
104
97
98
97
93
71
38
48
46
-5
-13
-37
32
64
61
69
66
64
65
66
38
14
0
-77
-43
-55
-68
-64
0
14
-18
20
7
-4
9
26
40
12
32
52
-22
-59
-65
-89
-48
-7
6
23
33
44
52
62
19
-64
-88
-93
-89
-88
-92
-91
-75
-70
-21
26
0
-34
-53
-61
-85
-117
-68
38
-78
-93
-100
-100
-100
-99
-95
-89
-82
-71
-40
42
42
-32
-64
-62
-61
-58
-60
-52
-47
-21
49
59
34
-43
-89
-62
-86
-108
-106
0
-46
-72
-56
-50
-38
-62
-89
-109
-112
-114
-87
26
21
22
30
37
40
42
41
41
35
29
21
13
-6
-79
-111
-67
-79
-102
-106
-62
-27
-28
-26
-21
-29
-76
-76
-90
-107
-87
-92
-36
31
17
-23
-1
20
15
-1
-9
-11
21
38
0
-18
-56
-60
-52
-76
-77
-103
-81
-36
-37
-44
-40
-42
-67
-66
-95
-105
-60
-67
-37
36
9
-81
-86
-76
-81
-90
-90
-58
44
74
9
-35
-47
-28
-49
-37
7
-84
-81
-47
-53
-57
-49
-42
-34
-63
-93
-94
-19
-29
-4
27
11
-8
-14
-19
-22
-19
-15
-4
28
28
0
-27
-83
-104
-71
-13
-1
-78
-83
-56
-53
-56
-51
-45
-6
-46
-49
-100
-50
-61
-39
39
26
32
25
25
26
35
45
37
24
34
35
10
-60
-82
-61
-38
-18
-58
-67
-63
-74
-84
-91
-83
-19
-71
-101
-113
-93
-74
-44
26
24
33
2
-39
-35
-20
1
21
23
49
47
1
-38
-34
-58
-76
-44
-65
-80
-90
-105
-115
-121
-114
-63
-78
-79
-55
-34
-13
-6
20
20
28
7
-95
-118
-113
-59
-2
-17
-26
-34
-64
-96
-106
-107
-93
-90
-107
-121
-121
-118
-105
-82
-63
-37
-14
0
2
5
6
5
59
8
-32
-28
11
52
82
86
28
-17
-29
-25
-10
0
61
101
83
34
28
20
-24
-44
-51
-48
-58
-66
-73
-55
-43
-56
-56
-57
41
26
-9
4
45
47
72
68
9
-25
-7
28
59
87
110
117
111
107
101
92
8
-42
-43
-40
-41
-50
-67
-51
-47
-49
-65
-66
36
21
-15
31
34
26
62
64
47
61
89
110
107
114
114
113
99
94
104
114
50
-30
-35
-45
-28
-41
-73
-57
-52
-63
-72
-72
27
18
-6
11
39
70
96
102
97
89
70
68
62
15
57
110
98
79
68
76
64
-3
-40
-35
-39
-61
-72
-47
-57
-63
-74
-68
16
24
14
62
99
95
67
57
41
22
5
26
19
-67
17
117
105
105
85
72
18
3
-26
-27
-43
-61
-54
-53
-77
-67
-70
-53
21
37
36
53
45
33
10
11
9
3
-2
30
-4
-61
3
84
104
108
109
109
43
-10
-5
-25
-45
-63
-57
-50
-72
-70
-56
-46
44
40
11
-7
-3
-8
-19
-21
-35
-49
-61
-43
-30
-22
-2
20
53
91
106
110
50
-25
-23
-32
-58
-71
-58
-63
-58
-55
-60
-56
64
26
-21
-28
-45
-67
-69
-81
-89
-84
-62
-28
18
21
-35
-8
17
34
75
109
71
23
-6
-15
-34
-44
-48
-74
-67
-45
-56
-65
10
-25
-60
-71
-60
-35
8
0
-11
11
44
66
55
22
-65
-54
-8
58
66
109
65
-33
14
30
-31
-58
-62
-80
-87
-51
-58
-76
-58
-19
-15
-17
19
47
50
41
21
29
60
73
48
18
-66
-71
-35
75
107
111
55
-81
-35
36
2
-45
-77
-68
-61
-54
-75
-86
-78
16
37
37
51
38
20
27
18
27
53
64
39
16
-46
-57
-24
74
106
111
69
-52
-36
24
35
18
-51
-68
-35
-43
-50
-64
-60
16
15
31
49
38
33
34
24
27
43
57
33
20
-20
-38
-7
77
96
107
73
-46
-30
11
1
22
19
-12
-18
-39
-52
-48
-27
18
4
19
51
44
43
31
26
34
50
71
41
24
-24
-36
1
77
92
104
76
-44
-43
9
3
0
17
33
2
-42
-63
-55
-24
14
-8
13
33
26
13
13
20
44
61
80
56
37
1
-23
-8
71
93
102
79
-27
-37
5
12
11
1
5
26
9
-60
-75
-30
8
-8
14
49
58
60
44
29
39
79
108
111
95
62
40
48
85
99
102
79
-17
-31
5
14
7
13
3
2
23
9
-58
20
67
40
58
93
115
116
100
90
91
102
116
125
105
41
71
103
98
101
98
80
-13
-32
1
16
8
15
-1
3
7
19
-5
60
114
102
116
116
117
122
124
124
124
122
118
120
96
71
82
88
92
96
95
79
-12
-33
-7
12
9
17
-11
-40
8
6
-4
71
121
118
121
121
122
123
122
120
119
121
116
118
98
89
87
91
93
93
94
80
-7
-34
-13
9
12
19
-8
-49
-14
13
-5
89
126
115
111
105
94
88
83
81
76
70
60
47
45
60
76
96
102
96
92
76
0
-40
-25
3
9
12
-1
-26
-25
9
5
16
28
5
-14
-14
-20
-43
-44
-22
-3
0
-15
-56
-68
-37
-32
-13
16
40
67
68
5
-26
-22
0
5
10
18
5
2
9
19
-41
-2
-14
-79
-51
-32
-67
-70
-28
-5
-28
28
27
19
23
-7
-42
-62
-50
30
68
7
2
5
6
5
7
15
13
15
9
19
52
89
65
-61
-22
-20
-53
-62
8
30
11
96
105
97
97
95
87
69
43
57
49
-29
-37
-59
-7
18
14
21
18
14
6
17
54
45
21
-62
-28
-39
-52
-57
-4
7
-21
23
10
-4
9
27
34
8
35
65
-15
-75
-80
-103
-72
-35
-25
-10
-2
2
5
24
30
-44
-72
-81
-76
-75
-79
-81
-70
-63
-13
36
13
-26
-45
-47
-79
-120
-69
44
-72
-94
-101
-104
-101
-97
-102
-99
-92
-87
-55
32
55
-11
-46
-48
-47
-45
-46
-35
-27
0
70
80
53
-33
-80
-48
-77
-110
-109
6
-31
-55
-38
-32
-23
-54
-90
-113
-114
-113
-83
33
37
46
51
54
56
58
56
59
56
46
37
32
14
-68
-104
-54
-69
-100
-107
-53
-8
-4
0
6
-6
-66
-76
-94
-106
-74
-76
-20
44
38
-4
12
32
27
11
3
-1
24
37
7
0
-44
-52
-38
-62
-70
-98
-68
-19
-20
-25
-18
-21
-55
-65
-97
-101
-42
-48
-20
42
22
-71
-79
-70
-74
-83
-81
-52
40
66
9
-19
-37
-20
-32
-18
20
-73
-62
-27
-35
-38
-29
-22
-21
-60
-94
-90
-4
-16
5
32
24
4
-6
-10
-12
-9
-3
6
31
28
5
-11
-71
-92
-53
4
12
-66
-67
-35
-31
-35
-31
-26
7
-40
-49
-98
-43
-54
-33
38
32
42
35
37
43
52
58
46
32
42
44
24
-46
-68
-46
-25
-8
-49
-60
-50
-58
-70
-80
-70
-5
-63
-98
-113
-91
-70
-36
0
2
14
0
-32
-23
-7
9
24
26
51
51
7
-32
-28
-52
-66
-33
-56
-75
-83
-97
-109
-118
-107
-50
-69
-75
-54
-31
-7
3
-7
-5
5
-2
-95
-115
-108
-57
-5
-20
-28
-36
-65
-97
-107
-106
-85
-79
-99
-116
-116
-115
-105
-85
-60
-26
-5
5
8
11
14
16
